1010101010010001000000000000000000000000000000000000000000000000000000000000000000000000000000000000000000000000000000000000000000000000000000000000000000000000000000000000000000
0101001001001010010101010010001000000000000000000000000000000000000000000000000000000000000000000000000000000000000000000000000000000000000000000000000000000000000000010000001000
1010100100100000000000000000100000100000000000000000000000000000000000000000000000000000000000100000100010001001000100100010001000100000100010000100001000010001001001000010000001
0100101010010101010100100100000000000010001000000000000000000000000000000000000000010001000100000010000000000000000000000000000000000010000000000000000000000000000000000000010000
0101000101001000000000000000000010000000000000001000001000000000000000000000000010000000000000000000000000000000000000000000000000000000000000000000000000000000000000000000000000
0100101000100010101001001000100000000000000000000000000000010000000000000000001000000000000000000000000000100000100010001000100010000000000000100000100001000000000100000100000010
0101010010001000000000000000000000000100000000000000000000000000000000000000000000000000000000010000000100000010000000000000000000000000000000000000000000000010000000000000001000
1000100100100010010010010010000100010000010001000000000000000000000000000000000000000000001000000000010000000000000000000000000000000000001000000000000000000000000000010000000000
0101000010001000000000000000000000000000000000000000000000000000001000000000000000000000100000000001000000000000000000000000000000001000100000000000000000000000000000000000000000
0010010100100010010010000000010000000000000000000000000000000000000000000010000000000000000000000000000000000000000100010001000000000000000000000100000100000000001000000000100000
1001000000001000000000010010000000000000000000000000010000000000000000000000000000000100000000010000000000001000100000000000000010000000000000000000010000000100000000000000000000
0100101010100001001000000000000000100000000000000000000000010000000000000000000000000000000000000000000000000000000000000000000000000000000000100000000000000000000000000000000010
0010000000000100000001000000000000000000010000000000000000000000000000000000000000100000000001000000000000100000000000000000000000000000000000000000000000000000000000001000000000
1001010101000000000000000000100010000001000000000010000000000000000000000000000010000000000000000000010000000000000010000100010000000000000000000000000000000000000000000000000000
0100000000010001001000001000000000000000000000000000000000000000000000000000000000000000000100000001000000000001000000000000000000001000100000000000000000000000000001000000000100
0010101001000100000000000000000000000000000000000000000000000000000000000000000000000000000000000000000000000000000000000000000000100000000010000000000000010000010000000000010000
0100000000000000000001000000000000000000000000000000000000000000000010000100000000000000100000000000000001000100000100000000000000000000000000000010001000000000000000000000000000
0001001010010000100000000000000100001000000000010000000000000000001000000000001000000000000000001000000000000000000000010001000000000000000000000000000000000000000000000000000000
0100000000000010000000000001000000000000000000000000000000000000100000000000000000000010000000000000000000000000000000000000000100000000000000000000000000000000000000000000000000
0010100100100000000100000100000000000000100000000000000000100000000000000000000000001000000001000000000000000000100000000000000000000000010000001000000000000000000000000000000000
0100000000000000000000010000000000000000000010000000000010000000000000000000000000000000000000000000100100010000000010000000000000000001000000100000000000100001000000000001000010
0000100100001000100000000000000000000000000000000000001000000000000000000000000000000000000100000010000000000000000000000010000000000100000000000000000010000000000000001000000000
0100000000100000000000000000000000100000000000000000100000101111100000000000000100100000010000000000000000000000000000001000000000000000000000000000001000000000000001000000000000
0010010010000000000001000000000010000010000000000010000111111110111111000001000000000001000000001000000000000100100000000000001000100000000000000000000000000000000000000000000000
0000000000000001000100000000000000000000000000000000011101010101111010110100000000000000000000000000000001000000000010000000000000000000000000000001000000000000000000000000000000
0100100000000000000000000000000000000000000100010000010010001011010111111110000000001000000000000000000100000000000000000000000000000000000100000100000000000000001000000000000100
0000000000100000000000000000010000000000000000000000100000100000001010101011100010000000000001000000100000000100000000000100000000000000010000010000000000000010000000000000000000
0100001000000000000000000000000000000000000000000000000010010101011111111110111000000001000100000100000000000000001000010000010000000001000000000000000000000000000000000000000000
0000100000000001000000000000000000000001000000000010001001001001011010101011111000010000000000000000000000010000000000000000000001000100000000000000000001000000000000000000000000
0010000000000100000000000001000000001000000010000000000000100100100110111111101110000000000000000000000001000000100000000000000000000000000000000000000100000000000000000000010000
0000000000100000000000000100000000000000000000001000001010010101010110101010111010000100100000100001000100000000000001000001000000000000000000000000010000000000000000000010000001
0000000000000000000000100000000000000000000000000000100000100010111011111111111111010000000100000000000000000010000000000100000100000000000000100000000000000010000000010000100000
0100000100000000000000000000000000000000001000000000011111101011011111111111101111000000000000000100000000001000000100000000000000001000000100000000000000000000001000000001110000
0000010000000000000000000000000000100000000000100010111111111101101111011101111101100100100000010000001000100000000000000000000000000000000000000010000000000000000000000001010000
0000000000000000000000000000000000000001000000000001111011011110111011111111111111100000000100000000000000000000010000010000010000100000100000000000000000010000000000100001110010
0010000000000000001000000000000000000000000000001101111111111111011111111111110111101001000000000000100000000001000001000000000000000000000000000000000100000000000000110011100000
0000000000001000000000000000000000000000000010011011111111110101010111110111011110100000000001000100000010001000000000000001000000000000000000100000010000000000000000110011101000
0000000000000000000000000000000000000000001000000100101000001001011111011111111111101000100100000000000000000000000000000000000010000000000010000010000000000000100010110010100000
0000000000000000000000000000000010000100000000001011010010100101010111111111111111100010000000001000010000100000100100000100000000000100010000000000000000000000000000011011100000
0010000001000000000000000000001000000000000000010001000100101011111111111111111111100000000000100000000000000010000000010000000000000000000000000000000000001000000000110111100100
0000000000000000000000000100000000000000000001011110110010101101010110111101101101101001001000000000000100001000000000000000010000010000000000000000000000100000000000111011000000
0000000000000000000000000000000000000000100100011111100010111111111111111111111111100000000000000010010000000000000010000001000001000000000000010000000010000011000100011110000000
0000000000000000010000100000000000000010000000101110010101010101010111011111111111101010001001000000000000100000010000000000000000000000100010000001001000000001100001011110010010
0000000000000000000000000000000000001000000000001001001011010110111101111101101111100000100000001000000000000010000000010000000100000010000000000000000000000001100100111010000000
0000000000000000000000000000000000100000000000000110100101011011101111110111111111101000000000000000100100001000000001000010000000000000000000000000000000000001110000101100000000
0000001000000000000000000000000100000000000100111111101011101110111111011110111101100010000100100000000000100000010000000000010000001000000000010000000000000000110001011100100100
0001000000000000000000000000000000000000010000011101101010111011101011111111111111101000100000000010000000000000000000000000000000100000001001000001000000001000111001111000000000
0000000000000100000000000000000000000000000000111010010111011110111111111011111111100000000000000000001000000010000100010010000010000000000000000000000010000000111101011000000000
0000000000000000000000000000100000000000000000010111101101110111111110111111111111101010010010010000100001001000010000000000010000000000100000000000000000000000011111110001000100
0000000000000000000100000000000000000010000100001110101111111111101111111111110111100000000000000010000000000000000000000000000000000010000000000100001000000010011111110000000000
0000000000000000000000000100000000010000010000110000101101011011111111111111011111100100100001000000000000000001000010010010000000010000000001000000000000001000111010100000010000
0000000000000000000000000000000000000000000000000010111111111111011011011011111111000000001000000100000100100100000000000000010010000000000100000000100000000000111111100100000010
0000000000000000000000000000000010000000000000001011111011111111111111111111111111010101000000010000010000000000001000000000000000000000000000000100000001000001101111000000000000
0000000000001000000000000000000000000000000100100111101111101101111111111111111110000000000100000000000000000000100001001001000000100010010000000000000000000011111101000010010000
0000100000100000000000010000000000000010010000001110111111111111111111011110111110101000100000100001000001001000000000000000001000000000000000010000000000000101101110010000000010
0000000000000000001000000000001000000000000000111111111110111111110111111011111000000010000010000000000100000010000000000000100000001000000001000000010000100111111101000000000000
0000000000000000000000000000100000001000000000011111111111111111011111111111111101010000010000000100010000000000010010010010000010000000001000000001000010000111011010000001001000
0010000010000000000000000000000000000000000010000111101111111011111110111111111000000100000000010000000000100010000000000000000000010001000000000100000000001111111100000100000000
0000000000000000000000000000000000100000100000010010111111101111111111110111010101010001001001000000000010000000000000001000010000000000000000100000000000011101101000010000000010
0000000000000000000000010000000000000000000000000000101110111111111011111111110000000000000000000010010000001000100101000001000010000000000100000000010100101111110000000000001000
0000010000000000100001000000100000000000000100100100000111111111111111111101111011011101010110101000000000000000000000000000000000010010010000000000100001011110110010000000100000
0001000000000000000000000000000000000010000000000001010111111111011110110111101011110010101000100101001001000100100000010000001000000000000000100100101001011111110000010010000000
0000000000000000000000000000000010001000000000000000000010111111111011111111101110001010010101010001010000010000000100000010000001000000000010000001010101111011011001000000000010
0000000000010000000000000000000000000000010010010010010101111011111111111101011101011101101010101010001010000001000000001000100100001001001000000101010101011111110000000000001000
0010000001000000000010000010001000000000000000000000000010011111101111011110111001011010100111010101010001001000000010000000000000000000000000010011010111111111111010001001000000
0000000000000000100000000000000000000000000000001000100001101111111111110101100101110111011110101010101010010000100000010000100000100010000001000110111111111101111000000000000010
0000001000000000000000000000000000100100100100100000001010011111111011110111110111101101011101010010010101001010001000000010000100000000010000010110101111101111111001001000100000
0000000000000000000000000100000000000000000000000010000000101101101111011110001111011010110101010101010101010101010001001000000000010001000101001110111110111111111100000000001000
0010000000000010000000010000010000000000000000000000100100010111111111011101111100111010111101010101101010101010100100000000100100000100000000101101110111111111111100100100000010
0000000000010000000100000000000010001000010001000010000001001001011101111010111101110101111011010111011101010101011010010010000001000000010101011101111111111111111110000001001000
0000010010000000000000000000000000000000000000001000001000010101111101110101110111101011110101011110110110101010101010000000010000010001001000101101101111111111110110001000000000
0010000000000000000000000001000000000010000000000000000010000010110111101111101111010111111010111101101010101010101111101001000100000100110010111101111111111111011110100000100010
0000000000000000010000001000000100100000001001000000100000101001001111010111011101101111101101101111111101101010101011110100000001000010100101111011111111111111111111000100001000
0000000000000010000001000000000000000000000000000100001000010000101101011110111110111111110110111101010110101010101110111010010000010101010101110111011011111011111111000001000000
0001000100010000000000000000000000000100100000010000000010001010111101111101111010101111011011111111101010101101011011111111000101001011001011110111111111111111111101101000001001
0000000000000000000000000001001000100000000010000000100000100101011010111011111101111111110101111101011110110101101111011010100000101110101011110111011111111111111111100010000000
0100000000000000001000000100000000000000000000000010000100001010110101110111101011111111011111011111101011010101010001111111110100111010010111101111111111111111111111101000100100
0000010001000100000000100000000010000010001000001000000000101101110111101111111011111111101011111010111101101111101101001111111001101101110111101111011111111111111110110000000001
0001000000000000000000000000001000001000000000100000010010011011001111011110101111111101110111111111101110110101011110100101101011111001001111011111111111111111110111110010101000
0000000000000000100100000001000000000000010010000001001000111111011110111111110111110111011101101110111011011011110111111010110101101011011111011101111111110111111111110000000010
0010000100010000000000010000000000100001000000000010100011110110111101111101011111111111101111111101101101101101011111111111101111110101011111011111101111111111111111110101001000
0000000000000010000000000000001000000100000000100111010101101101111011110111111111111101110111111111011011010110111101111111101111010110111110111111111111111111111110111000000000
0000010000000000001001000010000001000000001000001101100011011010110111011110111110111110111101101101111110110101101111101101011011010110111110111110111111111111111011111001010010
0100000001001000000000000000010000001000100001001110110110110111101101111111101111111011101111111111101011011110110101010100111111011101111110111111111111111111101111111000000100
0000000100000000100000001000000000100000000100011101101001110101011111111101111111111110111111111110111110110101010101010110111110101011101110111111111111111111111111111010100000
0001000000000000000010000001000100000010000000110110100111001111111111111111111111101011110110111011101101101111110110111001111101011011111111111101110111111111111111011000001010
0000000000001000001000000000000000010000100101111111001111011101011111110101111111111111011111111111111011011011011111110111111010110111111101111111111111111101111111111101000000
0100010010000001000000010010001001000010000010111100101110111011111101111111111111101101111111111110101111101111111111010111111011110111111111111111111111111111111111111000101001
0000000000000000000000000000000000001000010011110110011101110111111111110111111011111111110111110111111101011111111110110111110111011111111011111101111111111111111111101100000000
0001000000100100001001000100100010000001001011011101011101101111111111111111111111011011011111011111010110110111111011011111101011101111111111111111111111111111111101111101010101
0000001000000000100000000000000000100100001101111100111011101111011111011111111111111111111111111111111011011111111011011111010110101111111111111111101111111111111111111100000000
0100000000000000000000010000010010000000100111110110110110111111111111111011111111011011111111111101101101111111101101011111011111011111101111111011111111111111101111111101010100
0000100010100100000100000010000000010010011111011110101110111111111101111111101111111111011011111111110111111111010101111110111101111111111111111111111111111101111111101100000010
0010000000000001000001001000010010000000101011111010111101111101111111101111111101101101111111111110111111111110101101111101111101111111111111111111111111111111111111111110101000
0000001000001000010000000000000000010100011110101101110111111111111111111111111111111111111111110111101111111101111011111101101011111111101111110110111111111111111111111110000010
0001000000100000000010000010010010000001101110111011110111111111110110111111111110110111111111111111111111111010101011111011111101111111111111111111111111111111111111111010101000
0100000010000001000000010000000000101000111101101111011111111111111111111111110111111110110111011110101111101011101111111011110111111111011111111111111111111111111110111110000010
0000010000000100001000000001001000000010010110111110111111111011111111111111011110110111111111111011111111101111010111110111101011111011111111011101111111101111111011111111010100
0010000000010000000001000100000010101001011001011011111111101111110110111101111101111111111110111111111110101110111111101111101111111111111111111111111111111111101111111110000001
0000000100000000100000010000010000000001100111111011111111111111111111111111111111101110111011111111011101011110101111101111011111111111111111111111111111111111111111111111010100
0100100001000010000100000001000010001000011111101111111101111111111111111111110110111111111111111101111011111101111111011111011111111111111111110111111111111111111111111111001000
0000000000001000000000100000001000100101011110111111011111111111011011111111111111111011101110111111110101111101111110111110111111111110111011111111011111111111111111111111000010
0010010010000000010010000100000000000011010110111111111111111111111111111110101111111111111111111111010111111011111110111101111111111111111111101111111111111111111111111111101001
0000000000000001000000000001010010101001101011111111111111111011111111110111111111101111111111111010101111110101111011111101101111111111111111111111111111111111111111011111000100
0100100001001000000000010000000000000011010111111011111011101111101111011111111110111111011111101101011111101111111101111011111111110111101111111111111111111110111011111111101001
0000001000000000010010000010001001001000010111111111111111111111111111111110111111111111111110110101111111010111110111111011111111111111111111011101111111111011111111111111010000
0100100000100100000000010000000000010010101111111111111111111111111111111111111111111111111011011011011111011111110111110111111111111111111111111111111111111111111111111111100101
0000000100000001000100000001001001000001011111011111011111111111111111111111111101111111010101110101111110111111101111101111111111111110111111111111111111111111111111111111101000
0100100000010000000000100100000000010100110101110111111101111110111111111011111111101010111111101111111101111111011111110111111111101111111101101111111111111111111111111111100101
0000000010000000100010000000100100000001001010101101110111111111111101111111111010111111111110111111111101111111011111011111111111111111111111111111111111011111111111110111110000
0100100000010010000000000000000001010100110101110110111111111111111111111111010111011011111101101111110111111110111111011111111101111111110111111111011111111111111111011111101010
0000001001000000001000100100100100000000011010011011111111110111111111101010111111111111110110111111110111101101111110111111110111111111011111111101111111111111111101111111110001
0101000000000100100000000000000000100101000111101101111111111111010101011111111111111111101011111111101111111111111110111111111111111111111111011111111111111111111111111111110100
0000010010010000000010010010010010001001010000101111011010101010101111111111111111111111011111111111011111111011111101111111111111111111111111111111111111111111111111111111110010
0100000000000000010000000000000000100001001101010001010101101111111111111111111111111110111111111111011111110111111011111111111111011110111111111111111111111111110111111111110100
0010100100100101000001001001001000000111010111001110101110111111111111111111111111111011111111111110111111101111111011111111111111111111111101111111111111111111111111111111110010
1000000000000000000100000000000010100010001001110101111011111111111111111111111010101111111111111101111111101111110111111111011101111111111111110111111111111111111111111111111001
0010010101001000010000100010010000001010101000010111011111111111111111101010101111101111111111111111111111011111101111111111111111111111110111111111111111111111111111111111110100
1000100000000010000000001000000100100010100101010010110111111010101010110111111101011111111111110111111110111111101111111111111111111111011111111111111111111111011111111111111010
0100000100100000010010000000100000000101101110001011111101001111011101011110101011111111111111111111111111111111011111111111111011111111111111111111111111111111111111110111111010
1001010000001001000000100010000101010101000011010111111010111010101110110111010111111111111111011111111101111111011111111111101111111111111111111111111111111111111111111111111111
0100000010000000001000001000010000000101100101101111010111010110110101101001011111111111111111111111111011111110111111111011111111111110111111011111111111111111111111111111111010
1001001000100100100001000001000010010101001001111000101000101001010101010111111111111111111101111111111011111101111111111111111111111111111111111110111111111111111110111111111101
0100100010000000000100000100000000000111000010011110010101010101010101011111111111111111111111111111110111111110111111111111101111111111111111111111111111111111111111111111111111
1000000000010010010000010000010101001011010000100111100101010010101010111101111111111111111011111111101111111011111111111111111111111111111011111111111111111101111111111111101101
0101010000001000000001000001000000001010001010001011111101001010010111111111111111111111111111111101111111111011111111111101101111111110111111111111111111111111111111111111111111
0000000001010001000100000100000001000111000001010000101110100101011111111111111111111111101111111111011111110111111111101111111111111111111111111111111111111111111111111111111101
1010101000011000010000100000010000001110010100001010101001010101111111111111111111111111111111111111011111110111111111111111111111111111111111111111111111111111111101111111111111
0000000011010010000010000100000100100110000010100101010101010111111111111111111111111110111111111110111111101111111111111110111111111110111111111011111111111111111111111011111101
0101010010101000100000010000000000001101010100010100101011111111111111110111111111111111111111111101111111011111111111111011111111111111111111111111111111111111111111111111111111
0010000101000010001000000000100100100110000010100101010110111111101110111111111111111011111111111011111111101111111110111111111111111101111101111111111111111111111111111111111101
1000100010001000000001000000000001001101010100010010101101111110111111111111111111111111111111110111111110111111111111111111111111111111111111111111111111111111111111111111111101
0010000000000000000000000000101010011100100010101001010111110111111111111111111111101111111111111011111110111111111111110111111111111111111111111111111111111111011111111111111110
1000000101000000100000000010000101001101001001001010111101111111111111111111111111110111111111101111111101111111111011111111111111110110111111111111111111111111111111110111111011
1000000100000010000000001000101011101101000100101001011111111111111111111111111110011111111111011111111101111111111111101111111111111111111111111111111111111111111111011111111101
1110000110001000000010010010011111011101010010110101011111111111111111111111111101111111111111011111111011111110111111111011101111111111111011111111111111111111111111111111111101
0100101110100010101001001010110111011101001001110101110111111111111101101111111011111111111110111111111011111111111110111111111111110110111111111011111111111111111111111111111110
0000111111011101101101011011111111011100100111111011011110110101010110111111110111111111111101111111101111111111111111111111111111111111111111111111111111111111111111111111111011
0011111111110111111110111110111111011010100011110110110101011011010111111111101111111111111101111111110111111111111011101111111111111111111111111111111111111111111111111111111101
1011111101010010010101101011111010111010101001011010101011101010111111111111011111111111110111111111010111111111111111111111111111101101111111111111111111111111111011111111111110
1111110101001001000100010101001001111010100101010101010101010111111111111110111111111111111011111111101111111111101101111111111111111111111111111111111111111111011111111111111011
1110101010101010101010100000100100111001010010101010101010101101111111111101111110111111101111111011011111111111111111011111111111111111111111111111111111111111111111111111111101
0101101101010101010010010110010010111010101001010010101101111111111111111011111111111111101111111110111111111101110111111111111111011011110111111111111111111111111111111111111011
1101010101010100101010101001010101111010100100010101010111111111111111101111111111111110101111111110111111111111111110111111111111111111111111111111111111111111111111111111011101
0110101010101010100100100101001001111001110010101010111111111111111111010111111111111111011111111101111111111111101111111110111111111101111111111111111111111111111111111111111110
1011011010101010101010101010101011111010010010010101111111111111111101011111111111111010111111111011111111111111111011111111111110111111111111111111111111111111111111111111111011
1010101011010101010101010010010001110001101001001111111111111111111011111111111111111101111111110101111111111101111111111111111111110111111111110111111111111111111111111111111101
1101101101010101010100101001010111111010101010101111111111101111110101111111111111101011111111111011111111111111011011111111111111111111111111111111111111111111111111111111111011
0110110101010101010101010101010011111001010000111111111101111111010111111111111110111011111111101111111111111111111111111011111101111111101111111111111111111111111111111011110110
1101010101010101010101010101011011110100101101011111111111111110101111111111111111010111111111101011111111111011101111111111111111101110111111111111111111111111111111111111111011
1011111011101101101010101010100111110100100100111111101111111010111111111111111010110111111111011111111111111111111111111111111111111111111111111111111111111111101111111111111101
1110101101010110101101101101110111110010101010111101111111101010111111111111111011101111111111011111111111111101101111101111111101111111111111111111111111111111111111111111101011
1011110111111011011011010110101011110100101001011111111110101011111111111111101110101111110110101111111111110111111111111111111111110111111111111111111111111111111111111111111110
1110111101011101110110111010110111110010010101101011111010101111111111111111010111011111111110111111111111111111111111111111111111111111111111111111111111111111111111111111101011
1111010111101011011101101111010111101010101010111111010101101111111111111110111101111111111101111111111111101110111111111111111111111111111111111111111111111111111111110111111111
1011111101111111101011010101101111110101010101011110101011011111111111011101011100111111111010111111111111111111111110111111111011011111111111111111111111111111111111111111101011
1110110111010101011101111010101111101110110101111010101101111111111011111011111011111111111011111111111111111011111111111111111111111111111111111111111111111111111111111111111110
1111111110111111110111010111101111101011010101101010111011111110111111110101110101111111110111111111111110111110111111111111111111111111011111111111111111111111111111111111011011
1011011011110101011101111101011111100101001010010111101111101111111111101111101011111111101011111111111111101101111111111111111111111111111111111111111111111111111111111111111110
1111111111011111110110101011011111101010101001011010111011111111111110101111101111111111101111111111111111111111111111111111111110111111111111111111111111111111111111111111011011
1101101101110101011011110111011101101010010101111111101111111111111101011110101111111111010111111111111101110111111101111111101111111111111111111111111111111111111101111111111110
1111111111111111101110101101011111100100100110110101110111111111110101111110101111111110101111111111111111101111111111111111111111111111111111111111111111111111111111111110110111
1101101011010101111011111011011011010010011011011010011111111111101011111101011111111110111111111111111110110111111111111111111111111111011111111111111111111111111111111111111101
1111111111111110101101010110101111100101010101101101111111111110101101110101111111111101011111111111110111101111111111111111111101111111111111111111111111111111111111111111011011
1101111010110111110111011010110111001010101110101011111111111110110111111010111111111010111111111111111110111111111111111111111111111111111111111111111111111111111111111110111110
1111011111111101011101101110011011010010010101010111111111111001011111101011111111111011111111111111111101011111111101111111111111111111111111111111111111111111111111111111110101
1101111110101111110110110110101101001001010101101111111111101110111111101011111111110101111111111111101111111111111111111111011011111111111111111111111111111111111111111110101010
1111110111111010111011111011010111010101010101011101111111101011101110101011111111101011111111111111111010111111111111111111111111111111111111111111111111111111111111111110101010
1111111101101111011110101101010010000101010101101111111110011101111110101111111110110111111111111111011101111111111111111111111111111111111111111111111111111111111111111110101010
1101101111111101110110111011101011010010010101111111111010110111111010010111111011101111111111111111110111111111111011111111111111111111011111111111111111111111111110111110101001
1111111101010111111101101110111010010100101011011111110101111111101101011111111111010111111111111111110101111111111111111111111111111111111111111111111111111111111111111110100101
1111011011111110111111011111101101000010010101111111101111111101110010111111111110111111111111111011011011111111111111111111101111111111111111111111111111111111111111111110101010
1101111110101011110111110110111100101001011111110110011111101111011010111111111101011111111111111111101111111111111111111111111111111111111111111111111111111111111111111110101010
1111110111111110111110111111111110001010110010111101111011110101100101111111111101101111101111111111010111111111101111111111111111111111111111111111111111111111111111111110101001
1111011101010111111111101101101010100011111011110101101111011110101011111111110101111111111111111101101111111111111111111111111111111111111111111111111111111111111111111110101010
1011111111111101111111111111111110010101010100101011111110110101010101111011111010111111111111110110111111111111111111111111111111111111111111111111111111111111111011111110100101
1111101101111111111101110111011101001010101011001111111101011101001111111111101011111111111111111110101111111111111111111111011111111111111111111111111111111111111111111101010100
1110111111110111011111111111111100100100110100111111101011110100110111111111101101111111111111111101111111111111111111111111111111111111111111111111111111111111111111111101010101
1111111111011111111111011011010110010010111011111101010101010010101111111111010111111111111111110110111111111111111111111111111111111111111111111111111111111111111111111101010101
1101110111111111111111111111111101001010101001111011011111101010111101111111011111111111111111111010111111111111111111111111111111111110111111111111111111111111111111111010101010
1111111111111111111011010101011100100100100111111101011010010011101111110110101011111111111111010101111111111111111111111111111111111111111111111111111111111111111111111101010101
1111011101111011101111111111110101001001011111110101110101001010111111111101011111111111111111111011111111111111011111111110111111111111111111111111111111111111111111110101101010
1111111111101111111110100101011100100100101111101011011010101111101111111101111111111111111111101101111111111111111111111111111111111111111111111111111111111111111111111010101010
1101111111111111111111110110111010010010111110100101101001010101011111111010101111111111111110101011111111111111111111111111111111111111111111111111111111111111111101110101010101
1111111011111111111110101011010101001001111101010111101010010111111101110101111111111111011111011111111111111111111111111111111111111111111111111111111111111111111111110110101010
1111111111110111111111011010111100100101110010011101001001011101011111101011111111111111111110110111111111111111111111111011111111111111111111111111111111111111111111110101010101
1111011111111111101101101011010100010011101001001010100101110111101111101111011111111111111101101111111111111111111111111111111111111111111111111111111111111111111111101010101010
1111111110111111111110101101110101001011101010110101010101011010111111010101111111110111111110101111111111111111111111111111111111111111111111111111111111111111111111110110110101
1111111111111111111011011111011001010111010010101010101011111011111110101111111111111111111011011111111111111111111111111111111111111111111111111111111111111111111111101010101010
1101110111111101111101010111110100001011001010101001010111010101011110111111111111111111111010111111111111111111111111111111111111111111111111111111111111111111111111110101010101
1111111111111111111110101011011010101101001010100110101011101011111101010111111111111111110111011111111111111111011111111111111111111111111111111111111111111111110111011010101010
1111111111101111110110110111111010100101010010101011010110101101111010111111111111111111110101111111111111111111111111111111111111111111111111111111111111111111111111101011010101
1111111110111111111101011011111001010100001010010101011110100111110101111111111111111111101101111111111111111111111111111111111111111111111111111111111111111111111111101010101010
1101101111111010111110101111011100010010101001011010101101011011110111111111111111011111010111111111111111111111111111111111111111111111111111111111111111111111111111101101010100
1111111111101111010101101011111010100100010100101001011010101111101011011011111011111111011011111111111111111111111111111111111111111111111111111111111111111111111111101010101010
1111111011011001111110110111111100010010100101010101110101011111010111111111111111111110111011111111111111111111111111111111111111111111111111111111111111111111111111010101010010
1110111111110110101011011111111010101001010010100101101010111110101111111111111111111111010111111111111111111111111111111111111111111111111111111111111111111111111111101010101010
1111110111011011011111101011011001000100101001010110100101101110111101111111111111111101101111111111111111111111111111111111111111111111111111111111111111111111111110110101010101
1011111111111110111101111101111100100010010010010101010110111101011111101111111111111101101111111111111111111101111111111111111111111111111111111111111111111111110111011011010100
1111011101111011111111010111101010010101000101010100101011111010110111111111011111111011011011111111111111111111111111111111111111111111111111111111111111111101111111101010101010
